43   36  122   81   79  109    9   45   25  102
118   84   21    2    5   16  117   77   61   53
 69    8   19   24   68   60   66   78   38   97
 14  105   39    7   58   70  113   88   54  104
 35   49   13   42   37   18  126   74   99   63
 83  120   50   73   51  114   40   28  106   48
 72   55  112   64  110   30   29   44  107  123
119  125   92   11   82   27   20    4   85  101
108   23   47   87   91   31   15   56   94   76
100   65  115   90    3   93   80   98    1    6
 86   59   57   22   17   96  111   12   67   32
124   41   34  116  121   52   62   26   46   33
 89   75  103   95   10  127   71  